2
4
4
5
5
6
7
7
8
8
8
8
9
9
10
10
11
13
14
14
14
16
17
17
17
18
19
20
20
21
21
21
21
22
22
23
23
24
25
25
25
25
25
26
26
26
27
27
29
29
31
31
31
33
33
34
34
34
34
35
35
36
37
37
38
38
39
39
40
40
40
40
40
41
41
41
42
44
44
45
45
46
47
47
47
47
48
50
51
51
52
53
53
53
53
53
54
54
54
55
56
56
56
57
57
57
57
60
60
60
61
62
62
62
64
65
65
65
67
68
69
69
69
70
71
71
72
72
72
72
72
73
74
78
79
79
80
80
80
80
80
80
80
81
82
83
84
85
86
87
87
88
88
88
89
89
90
91
92
93
93
94
95
95
96
97
98
98
99
99
99
99
