93 80 54 34 53 53 
65 95 34 18 25 
40 11 98 38 33 2 45 29 29 80 40 47 96 72 
73 17 54 88 97 8 
34 88 22 60 57 34 68 87 21 54 
92 14 41 87 89 47 56 9 21 4 37 26 48 89 
93 56 98 31 8 35 78 72 
40 
36 53 52 27 
20 25 10 47 8 31 7 14 57 5 
40 95 26 64 31 85 69 40 17 50 80 5 
65 83 
10 56 20 14 74 41 16 72 69 57 62 
41 42 
79 25 82 55 60 62 44 23 
39 37 80 13 39 
35 21 72 99 46 70 60 21 72 
67 69 99 71 
86 24 17 
51 22 
91 4 81 84 53 80 80 6 99 
47 94 23 53 88 44 
33 79 45 62 71 25 38 27 61 
51 7 26 19 65 25 57 9 99 80 90 8 
